0,-0.0000010000,-13.8155105580,-13.8155105580,-13.8155105580
1,-0.0000010000,-13.8155105580,-13.8155105580,-13.8155105580
2,-13.8155105580,-13.8155105580,-8.7767253676,-13.8155105580
3,-13.8155105580,-0.0000010000,-13.0652664165,-13.8155105580
4,-0.0000010000,-0.0000010000,-11.7720792990,-13.8155105580
5,-13.8155105580,-13.8155105580,-13.8155105580,-13.8155105580
6,-0.0000010000,-13.8155105580,-13.8155105580,-13.8155105580
7,-0.0000010000,-0.0000010000,-8.1586593387,-0.0000010000
8,-13.8155105580,-13.8155105580,-0.0000010000,-13.8155105580
9,-13.8155105580,-13.8155105580,-13.8155105580,-13.8155105580
10,-13.8155105580,-13.8155105580,-0.0000010000,-0.0000010000
11,-13.8155105580,-13.8155105580,-8.8222502305,-13.8155105580
12,-0.0000010000,-13.8155105580,-13.8155105580,-13.8155105580
13,-13.8155105580,-0.0000010000,-10.6072234078,-13.8155105580
14,-13.8155105580,-0.0000010000,-0.0000010000,-13.8155105580
15,-13.8155105580,-0.0000010000,-9.0203315143,-13.8155105580
16,-13.8155105580,-0.0000010000,-13.8155105580,-13.8155105580
17,-13.5791684550,-0.0000010000,-13.8155105580,-13.8155105580
18,-13.8155105580,-0.0000010000,-5.9465296435,-13.8155105580
19,-13.8155105580,-0.0000010000,-9.2557243172,-13.8155105580
20,-13.8155105580,-13.8155105580,-13.8155105580,-13.8155105580
21,-13.8155105580,-0.0000010000,-13.8155105580,-13.8155105580
22,-13.8155105580,-0.0000010000,-13.8155105580,-13.8155105580
23,-13.8155105580,-13.8155105580,-3.7382594301,-13.8155105580
24,-13.8155105580,-13.8155105580,-0.0000010000,-13.8155105580
25,-13.8155105580,-0.0000010000,-7.1012655132,-13.8155105580
26,-13.8155105580,-13.8155105580,-13.8155105580,-5.0696238453
27,-13.8155105580,-13.8155105580,-12.9110836712,-0.0000010000
28,-13.0286238223,-13.8155105580,-5.2614618720,-0.0000010000
29,-13.8155105580,-13.8155105580,-12.6580234682,-13.8155105580
30,-13.8155105580,-8.1637692335,-13.8155105580,-13.8155105580
31,-0.0000010000,-13.8155105580,-13.8155105580,-13.8155105580
32,-13.8155105580,-13.8155105580,-13.8155105580,-13.8155105580
33,-0.0000010000,-13.8155105580,-13.8155105580,-12.0924905513
34,-13.8155105580,-13.8155105580,-11.5826740215,-0.0000010000
35,-13.8155105580,-13.8155105580,-13.8155105580,-0.0000010000
36,-13.8155105580,-13.8155105580,-13.8155105580,-13.8155105580
37,-12.9361845437,-13.8155105580,-9.3534556128,-13.8155105580
38,-13.8155105580,-13.8155105580,-5.3267017095,-13.8155105580
39,-13.7841000928,-13.8155105580,-0.0000010000,-13.8155105580
40,-11.9471169217,-0.0000010000,-0.0000010000,-8.6268627094
41,-13.8155105580,-13.8155105580,-13.8155105580,-0.0000010000
42,-13.8155105580,-13.8155105580,-11.2620599239,-13.8155105580
43,-13.8155105580,-0.0000010000,-0.0000010000,-0.0000010000
44,-13.8155105580,-13.8155105580,-0.0000010000,-0.0000010000
45,-13.8155105580,-13.8155105580,-13.8155105580,-13.8155105580
46,-13.8155105580,-0.0000010000,-0.0000010000,-0.0000010000
47,-13.8155105580,-13.8155105580,-13.8155105580,-13.8155105580
48,-0.0000010000,-13.8155105580,-9.1182836742,-13.8155105580
49,-13.8155105580,-13.8155105580,-0.0000010000,-0.0000010000
50,-0.0000010000,-0.0000010000,-13.8155105580,-0.0000010000
51,-13.8155105580,-0.0000010000,-0.0000010000,-13.8155105580
52,-13.8155105580,-8.4518452858,-0.0000010000,-13.8155105580
53,-13.8155105580,-13.8155105580,-0.0000010000,-10.0021545927
54,-13.8155105580,-13.8155105580,-13.8155105580,-13.8155105580
55,-13.8155105580,-13.8155105580,-13.8155105580,-0.0000010000
56,-13.8155105580,-0.0000010000,-13.8155105580,-13.8155105580
57,-13.8155105580,-13.8155105580,-5.0767311635,-0.0000010000
58,-0.0000010000,-13.8155105580,-0.0000144281,-0.0000010000
59,-13.8155105580,-0.0000010000,-13.8155105580,-13.8155105580
60,-13.8155105580,-13.8155105580,-13.8155105580,-13.8155105580
61,-13.8155105580,-13.8155105580,-9.8530901379,-13.8155105580
62,-0.0000010000,-13.8155105580,-0.0000010000,-0.0000010000
63,-13.8155105580,-0.0000010000,-0.0000010000,-0.0000010000
64,-13.8155105580,-13.8155105580,-13.8155105580,-13.8155105580
65,-13.8155105580,-0.0000010000,-13.8155105580,-13.8155105580
66,-13.8155105580,-0.0000010000,-8.8900373494,-13.8155105580
67,-13.8155105580,-0.0000010000,-13.8155105580,-13.8155105580
68,-13.8155105580,-0.0000010000,-8.6032894551,-13.8155105580
69,-13.8155105580,-0.0000010000,-7.6672832271,-13.8155105580
70,-13.8155105580,-0.0000010000,-13.8155105580,-13.8155105580
71,-0.0000010000,-13.8155105580,-13.8155105580,-12.6494492236
72,-13.8155105580,-13.8155105580,-13.8155105580,-5.3643858352
73,-13.8155105580,-13.8155105580,-6.3297756705,-9.8171428283
74,-13.8155105580,-13.8155105580,-5.5347302985,-13.8155105580
75,-13.8155105580,-13.8155105580,-0.0000010000,-0.0000010000
76,-0.0000010000,-13.8155105580,-13.8155105580,-9.8616405919
77,-13.8155105580,-0.0000010000,-0.0000010000,-13.8155105580
78,-13.8155105580,-13.8155105580,-13.8155105580,-13.8155105580
79,-13.8155105580,-13.8155105580,-0.0000010000,-0.0000010000
80,-13.8155105580,-13.8155105580,-0.0000010000,-0.0000010000
81,-13.8155105580,-13.8155105580,-0.0000010000,-13.8155105580
82,-12.9289140271,-8.1114323370,-6.0983988362,-13.8155105580
83,-0.0000010000,-0.0000010000,-13.8155105580,-13.8155105580
84,-13.8155105580,-13.8155105580,-13.8155105580,-0.0000010000
85,-13.8155105580,-13.8155105580,-13.8155105580,-0.0000010000
86,-13.8155105580,-13.8155105580,-0.0000010000,-0.0000010000
87,-12.7938055803,-13.8155105580,-8.9244852738,-0.0000010000
88,-13.8155105580,-13.8155105580,-0.0000010000,-0.0000010000
89,-13.8155105580,-13.8155105580,-13.8155105580,-10.2234475235
90,-13.8155105580,-13.8155105580,-7.5244513107,-13.8155105580
91,-13.8155105580,-0.0000010000,-13.8155105580,-0.0000010000
92,-13.8155105580,-0.0000010000,-13.8155105580,-0.0000010000
93,-0.0000010000,-13.8155105580,-13.8155105580,-0.0000010000
94,-13.3021293819,-0.0000010000,-13.8155105580,-13.8155105580
95,-13.8155105580,-0.0000010000,-0.0000010000,-13.8155105580
96,-13.8155105580,-13.8155105580,-11.8982175899,-9.8073340895
97,-12.6298041710,-13.8155105580,-13.8155105580,-0.0000010000
98,-13.8155105580,-0.0000010000,-6.7771815707,-13.8155105580
99,-13.8155105580,-0.0000010000,-13.8155105580,-13.8155105580
100,-13.8084719712,-0.0352097606,-7.8646528189,-13.8155105580
101,-12.8558780388,-0.0000010000,-13.8155105580,-13.8155105580
102,-13.8155105580,-0.0000010000,-13.8155105580,-13.8155105580
103,-13.8155105580,-0.0000010000,-13.8155105580,-13.8155105580
104,-13.8155105580,-0.0000010000,-13.8155105580,-13.8155105580
105,-0.0000010000,-10.4898225862,-13.8155105580,-13.8155105580
106,-13.8155105580,-0.0000010000,-13.8155105580,-13.8155105580
107,-13.8155105580,-0.0000010000,-6.2426609277,-13.8155105580
108,-13.8155105580,-13.8155105580,-7.8537782501,-13.8155105580
109,-13.8155105580,-0.0000010000,-12.3470952640,-13.8155105580
110,-0.0000010000,-13.8155105580,-13.8155105580,-13.8155105580
111,-0.0000010000,-13.8155105580,-13.8155105580,-0.0000010000
112,-13.8155105580,-13.8155105580,-12.4795975002,-0.0000010000
113,-0.0000010000,-13.8155105580,-13.8155105580,-0.0000010000
114,-13.8155105580,-0.0000010000,-0.0000010000,-0.0000010000
115,-13.8155105580,-13.8155105580,-13.8155105580,-13.8155105580
116,-13.8155105580,-13.8155105580,-13.8155105580,-13.8155105580
117,-13.8155105580,-13.8155105580,-13.8155105580,-13.8155105580
118,-13.8155105580,-0.0000010000,-13.8155105580,-13.8155105580
119,-13.8155105580,-13.8155105580,-0.0000010000,-13.8155105580
120,-13.8155105580,-13.8155105580,-13.8155105580,-13.8155105580
121,-13.8155105580,-13.8155105580,-0.0000010000,-13.8155105580
122,-13.8155105580,-13.8155105580,-13.8155105580,-13.8155105580
123,-13.8155105580,-13.8155105580,-0.0000010000,-13.8155105580
124,-0.0000010000,-13.8155105580,-13.8155105580,-13.8155105580
125,-13.8155105580,-0.0000010000,-0.0000010000,-13.8155105580
126,-13.8155105580,-13.8155105580,-13.8155105580,-13.8155105580
127,-13.8155105580,-13.8155105580,-13.8155105580,-13.8155105580
128,-13.8155105580,-13.8155105580,-13.8155105580,-13.8155105580
129,-13.8155105580,-13.8155105580,-13.8155105580,-13.8155105580
130,-13.8155105580,-13.8155105580,-13.8155105580,-13.8155105580
131,-13.8155105580,-13.8155105580,-13.8155105580,-13.8155105580
132,-13.8155105580,-13.8155105580,-13.8155105580,-4.3063971312
133,-13.8155105580,-13.8155105580,-12.6841160096,-13.8155105580
134,-13.8155105580,-13.8155105580,-13.8155105580,-13.8155105580
135,-13.8155105580,-13.8155105580,-0.0000010000,-13.8155105580
136,-0.0000010000,-0.0000010000,-13.8155105580,-0.0000010000
137,-13.8155105580,-13.8155105580,-13.8155105580,-5.2105174326
138,-0.0000010838,-0.0000010000,-13.8155105580,-0.0000010000
139,-0.0000010000,-13.8155105580,-0.0000010000,-13.8155105580
140,-13.8155105580,-13.8155105580,-0.0000010000,-12.6218060151
141,-13.8155105580,-13.8155105580,-7.2823831011,-0.0000010000
142,-9.2450127253,-13.8155105580,-4.8512669018,-0.0000010000
143,-13.8155105580,-13.8155105580,-13.8155105580,-13.8155105580
144,-13.5197324163,-13.8155105580,-13.8155105580,-0.0000010000
145,-13.8155105580,-0.0000010000,-13.8155105580,-0.0000010000
146,-0.0000010000,-0.0000010000,-0.0000010000,-0.0000010000
147,-0.0000010000,-13.8155105580,-13.8155105580,-0.0000010000
148,-13.8155105580,-13.8155105580,-13.8155105580,-13.8155105580
149,-13.8155105580,-13.8155105580,-0.0000010000,-13.8155105580
150,-13.8155105580,-13.8155105580,-0.0000010000,-13.8155105580
151,-13.8155105580,-13.8155105580,-0.0000010000,-13.8155105580
152,-13.8155105580,-13.8155105580,-7.6203227933,-13.8155105580
153,-10.9451044758,-13.8155105580,-9.9688169838,-13.8155105580
154,-12.4597088870,-13.8155105580,-0.0000010000,-13.8155105580
155,-13.8155105580,-13.8155105580,-7.1250317267,-13.8155105580
156,-10.1008511352,-13.8155105580,-0.0000010000,-0.0000010000
157,-0.0000010000,-13.8155105580,-13.8155105580,-12.4812196790
158,-0.0000010000,-13.8155105580,-0.0000019509,-0.0000010000
159,-13.8155105580,-13.8155105580,-6.7006973726,-13.8155105580
160,-9.3311446917,-13.8155105580,-0.0000010000,-13.8155105580
161,-13.8155105580,-0.0000010000,-9.8569310685,-13.8155105580
162,-13.8155105580,-13.8155105580,-13.8155105580,-13.8155105580
163,-13.8155105580,-0.0000010000,-9.8569310685,-13.8155105580
164,-13.8155105580,-13.8155105580,-0.0000010000,-13.8155105580
165,-13.8155105580,-9.1863048518,-13.8155105580,-13.8155105580
166,-13.8155105580,-13.8155105580,-13.8155105580,-13.8155105580
167,-13.8155105580,-13.8155105580,-13.8155105580,-13.8155105580
168,-13.8155105580,-13.8155105580,-13.8155105580,-13.8155105580
169,-0.0000010000,-13.8155105580,-13.8155105580,-13.8155105580
170,-13.8155105580,-13.8155105580,-0.0000010000,-13.8155105580
171,-0.0000010000,-9.3308007435,-13.8155105580,-13.8155105580
172,-13.8155105580,-11.2771355035,-13.8155105580,-13.8155105580
173,-0.0000010000,-13.8155105580,-13.8155105580,-13.8155105580
174,-13.8116503158,-13.8155105580,-13.8155105580,-13.8155105580
175,-13.8155105580,-13.8155105580,-13.8155105580,-8.9728503775
176,-0.0000010000,-13.8155105580,-10.2891645886,-13.8155105580
177,-13.8155105580,-0.0000010000,-5.0448532467,-13.8155105580
178,-11.2147029018,-13.8155105580,-0.0000010000,-13.8155105580
179,-13.8155105580,-13.8155105580,-13.8155105580,-13.8155105580
180,-13.8155105580,-0.0000010000,-13.8155105580,-13.8155105580
181,-13.8155105580,-13.8155105580,-13.8155105580,-13.8155105580
182,-13.8155105580,-13.8155105580,-0.0000010000,-13.8155105580
183,-12.6358743841,-13.8155105580,-0.0000010000,-13.8155105580
184,-13.8155105580,-13.8155105580,-13.8155105580,-13.8155105580
185,-0.0000010000,-13.8155105580,-7.7875362119,-13.8155105580
186,-13.8155105580,-13.8155105580,-13.8155105580,-13.8155105580
187,-12.6274928194,-13.8155105580,-7.8633587872,-0.0000010000
188,-0.0000010000,-13.8155105580,-6.3946994260,-13.8155105580
189,-0.0000010000,-13.8155105580,-12.9516815580,-13.8155105580
190,-13.8155105580,-0.0000010000,-0.0000010000,-0.0000010000
191,-13.2844081122,-13.8155105580,-13.8155105580,-13.8155105580
192,-13.8155105580,-13.8155105580,-13.8155105580,-13.8155105580
193,-0.0000010000,-13.8155105580,-0.0000010000,-13.8155105580
194,-13.8155105580,-13.8155105580,-13.8155105580,-0.0000010000
195,-13.8155105580,-13.8155105580,-13.8155105580,-0.0000010000
196,-13.8155105580,-13.8155105580,-13.8155105580,-13.8155105580
197,-13.8155105580,-4.9763895177,-0.0000010000,-13.8155105580
198,-0.0000010000,-0.0000010000,-6.8193564517,-4.3449629366
199,-13.8155105580,-13.8155105580,-13.8155105580,-13.8155105580
200,-13.8155105580,-0.0000010000,-13.8155105580,-0.0000010000
201,-13.8155105580,-0.0000010000,-13.8155105580,-0.0000010000
202,-0.0000010000,-0.0000010000,-13.3292925448,-13.8155105580
203,-0.0000010000,-0.0000010000,-13.8155105580,-0.0000010000
204,-13.6063135884,-0.0000010000,-7.8701244565,-13.8155105580
205,-0.0000010000,-0.0000010000,-12.8032614624,-0.0000010000
206,-0.0000010000,-13.8155105580,-0.0000010000,-0.0000010000
207,-13.8155105580,-13.8155105580,-0.0000010000,-0.0000010000
208,-13.8155105580,-13.8155105580,-11.9775699709,-0.0000010000
209,-0.0000010000,-0.0000010000,-13.8155105580,-0.0000010000
210,-0.0000010000,-0.0000010000,-0.0000010000,-0.0000010000
211,-0.0000010000,-13.8155105580,-13.8155105580,-0.0000010000
212,-13.8155105580,-13.8155105580,-6.6436399983,-0.0000010000
213,-0.0000010000,-0.0000010000,-9.3905954664,-13.8155105580
214,-0.0000010000,-0.0000010000,-7.8631840843,-0.0000010000
215,-13.5070624084,-13.8155105580,-0.0000010000,-13.8155105580
216,-13.8155105580,-13.8155105580,-13.8155105580,-13.8155105580
217,-9.4329751475,-0.0000010000,-13.8155105580,-13.8155105580
218,-13.8155105580,-13.8155105580,-13.8155105580,-0.0000010000
219,-13.8155105580,-13.8155105580,-13.8155105580,-13.8155105580
220,-13.8155105580,-13.8155105580,-0.0000010000,-13.8155105580
221,-13.8155105580,-13.8155105580,-13.8155105580,-13.8155105580
222,-13.8155105580,-13.8155105580,-13.8155105580,-13.8155105580
223,-13.8080138897,-13.8155105580,-6.4254232540,-0.0000010000
224,-7.5781466331,-13.8155105580,-0.0000010000,-13.8155105580
225,-13.8155105580,-13.8155105580,-13.8155105580,-13.8155105580
226,-13.8155105580,-13.8155105580,-13.8155105580,-13.8155105580
227,-13.8155105580,-13.8155105580,-13.8155105580,-13.8155105580
228,-12.4926438091,-0.0000010000,-0.0000010000,-0.0000010000
229,-13.8155105580,-13.8155105580,-0.0000010000,-0.0000010000
230,-0.0000010000,-13.8155105580,-0.0000010000,-13.8155105580
231,-10.9991221509,-13.8155105580,-13.0637142878,-13.8155105580
232,-0.0000010000,-13.8155105580,-0.0000010000,-0.0000010000
233,-12.5963357836,-0.0000010000,-13.8155105580,-13.8155105580
234,-13.8155105580,-0.0000010000,-13.8155105580,-13.8155105580
235,-13.8155105580,-13.8155105580,-13.8155105580,-13.8155105580
236,-13.5448754248,-13.8155105580,-13.8155105580,-13.8155105580
237,-13.8155105580,-13.8155105580,-13.8155105580,-13.8155105580
238,-11.0035982488,-13.8155105580,-13.8155105580,-13.8155105580
239,-13.8155105580,-13.8155105580,-13.8155105580,-0.0000010000
240,-13.8155105580,-13.8155105580,-13.8155105580,-0.0000010000
241,-13.8155105580,-13.8155105580,-13.8155105580,-13.8155105580
242,-13.8155105580,-13.8155105580,-13.8155105580,-13.8155105580
243,-13.8155105580,-13.8155105580,-11.7308448100,-13.8155105580
244,-0.0000010000,-13.8155105580,-11.9156848235,-0.0000010000
245,-0.0000010000,-0.0000010000,-0.0000010000,-0.0000022258
246,-11.9438420664,-13.8155105580,-13.8155105580,-13.8155105580
247,-13.8155105580,-13.8155105580,-13.8155105580,-13.8155105580
248,-10.2597156868,-13.8155105580,-13.8155105580,-13.8155105580
249,-13.8155105580,-13.8155105580,-13.8155105580,-0.0000010000
250,-13.8155105580,-0.0000010000,-0.0000010000,-13.8155105580
251,-0.0000010000,-13.8155105580,-2.8979958325,-0.0000010000
252,-13.8155105580,-13.8155105580,-0.0000010000,-13.8155105580
253,-13.8155105580,-13.8155105580,-0.0000010000,-13.8155105580
254,-0.0000010000,-13.8155105580,-11.7605598531,-13.8155105580
255,-0.0000010000,-0.0000010000,-10.6423173351,-0.0000010000
256,-13.7966297192,-13.8155105580,-11.8684454556,-13.8155105580
257,-0.0000010000,-13.8155105580,-13.8155105580,-13.8155105580
258,-12.4145825217,-0.0000010000,-0.0000010000,-13.8155105580
259,-0.0000010000,-13.8155105580,-13.8155105580,-13.8155105580
260,-11.8818334761,-13.8155105580,-13.8155105580,-0.0000010000
261,-13.8155105580,-13.8155105580,-7.8299947878,-11.8512674886
262,-13.3178344799,-13.8155105580,-13.8155105580,-0.0000010000
263,-13.8155105580,-13.8155105580,-13.8155105580,-13.8155105580
264,-0.0000010000,-13.8155105580,-13.8155105580,-13.8155105580
265,-8.0547498830,-13.8155105580,-13.8155105580,-0.0000010000
266,-13.8155105580,-13.8155105580,-13.4887053280,-13.8155105580
267,-13.8155105580,-13.8155105580,-13.8155105580,-0.0000010000
268,-0.0000010000,-13.8155105580,-5.9006718700,-0.0000010000
269,-0.0000010000,-13.8155105580,-12.6483644260,-0.0000010000
270,-7.1985360152,-13.8155105580,-13.8155105580,-7.3810919511
271,-0.0000010000,-0.0000010000,-0.0000010000,-0.0000010000
272,-0.0000010000,-13.8155105580,-6.4529548213,-12.1875742686
273,-0.0000010000,-0.0000010000,-0.0000010000,-0.0000010000
274,-13.8155105580,-13.8155105580,-6.0143752101,-13.8155105580
275,-0.0000010000,-13.8155105580,-10.7591958294,-13.8155105580
276,-12.0049914328,-0.0000010000,-5.0005459328,-13.8155105580
277,-13.8155105580,-13.8155105580,-13.8155105580,-13.8155105580
278,-13.8155105580,-13.8155105580,-0.0000010000,-0.0000010000
279,-0.0000010000,-13.8155105580,-13.8155105580,-0.0000010000
280,-0.0000010000,-0.0000010000,-13.8155105580,-0.0000010000
281,-0.0000010000,-13.8155105580,-13.8155105580,-13.8155105580
282,-12.5864479857,-0.0000010000,-6.4772009508,-0.0000010000
283,-13.8155105580,-13.8155105580,-13.8155105580,-0.0000010000
284,-0.0000010000,-13.8155105580,-13.1663023421,-13.8155105580
285,-0.0000010000,-13.8155105580,-10.9937871474,-0.0000010000
286,-13.8155105580,-13.8155105580,-13.8155105580,-13.8155105580
287,-13.8155105580,-13.8155105580,-8.0057351164,-13.8155105580
288,-0.0000010000,-13.8155105580,-0.0000010000,-13.8155105580
289,-0.0000010000,-0.0000010000,-13.4530486259,-0.0000010000
290,-0.0000010000,-0.0000010000,-0.0000010000,-0.0000010000
291,-13.1674310336,-13.8155105580,-2.4091507912,-0.0000010000
292,-0.0000010000,-13.8155105580,-13.8155105580,-0.0000010000
293,-13.2260474032,-13.8155105580,-0.0000010000,-13.8155105580
294,-13.8155105580,-13.8155105580,-13.8155105580,-13.8155105580
295,-13.8155105580,-13.8155105580,-12.1660282729,-13.8155105580
296,-13.8155105580,-13.8155105580,-13.8155105580,-13.8155105580
297,-13.8155105580,-13.8155105580,-0.0000010000,-13.8155105580
298,-13.8155105580,-13.8155105580,-0.0000010000,-13.8155105580
299,-0.0000010000,-13.8155105580,-13.8155105580,-13.8155105580
300,-0.0000010000,-13.8155105580,-13.8155105580,-0.0000010000
301,-13.8155105580,-13.8155105580,-13.8155105580,-0.0000010000
302,-12.2818770624,-0.0000010000,-13.8155105580,-0.0000010000
303,-13.8155105580,-13.8155105580,-13.8155105580,-0.0000010000
304,-0.0000010000,-0.0000010000,-13.8155105580,-0.0000010000
305,-9.0716131679,-13.8155105580,-13.8155105580,-13.8155105580
306,-13.8155105580,-13.8155105580,-13.8155105580,-13.8155105580
307,-13.8155105580,-13.8155105580,-0.0000010000,-13.8155105580
308,-13.8155105580,-0.0000010000,-13.8155105580,-13.8155105580
309,-13.8155105580,-0.0000010000,-0.0000010000,-13.8155105580
310,-0.0000010000,-13.8155105580,-0.0000010000,-13.8155105580
311,-13.8155105580,-13.8155105580,-13.8155105580,-13.8155105580
312,-0.0000010000,-0.0000010000,-0.0000010000,-0.0000010000
313,-0.0000010000,-13.8155105580,-13.8155105580,-13.8155105580
314,-13.8155105580,-13.8155105580,-13.8155105580,-13.8155105580
315,-0.0000010000,-0.0000010000,-0.0000010000,-13.8155105580
316,-0.0000010000,-13.8155105580,-6.4230680296,-13.8155105580
317,-13.8155105580,-0.0000010000,-13.8155105580,-13.8155105580
318,-0.0000010000,-13.8155105580,-0.0001289431,-0.0000010000
319,-12.0326752240,-13.8155105580,-12.1529463593,-0.0000010000
320,-13.8155105580,-13.8155105580,-0.0000010000,-13.8155105580
321,-13.8155105580,-13.8155105580,-0.0000010000,-13.8155105580
322,-0.0000010000,-13.8155105580,-10.4384999950,-13.8155105580
323,-0.0000010000,-13.8155105580,-7.8647432232,-0.0000010000
324,-13.8155105580,-13.8155105580,-0.0000010000,-0.0000010000
325,-13.8155105580,-13.8155105580,-0.0000010000,-11.9422670104
326,-11.2323356852,-0.0000010000,-13.8155105580,-0.0000010000
327,-13.8155105580,-13.8155105580,-13.8155105580,-13.8155105580
328,-13.8073615218,-13.8155105580,-0.0000010000,-13.8155105580
329,-11.4093935512,-13.8155105580,-0.0000010000,-11.1920565362
330,-13.8155105580,-0.0000010000,-13.8155105580,-13.8155105580
331,-12.0846583571,-13.8155105580,-13.8155105580,-13.8155105580
332,-12.6153430408,-13.8155105580,-13.8155105580,-13.8155105580
333,-13.8155105580,-13.8155105580,-0.0000010000,-13.8155105580
334,-13.8155105580,-0.0000010000,-6.2427004029,-13.8155105580
335,-13.8155105580,-0.0000010000,-13.8155105580,-13.8155105580
336,-13.8155105580,-0.0000010000,-13.4800482864,-13.8155105580
337,-13.8155105580,-13.8155105580,-13.8155105580,-13.8155105580
338,-12.0451525951,-13.8155105580,-12.0504606856,-13.8155105580
339,-13.8155105580,-13.8155105580,-13.8155105580,-13.8155105580
340,-3.7335785709,-0.0000010000,-13.8155105580,-0.0000010000
341,-13.5693701808,-13.8155105580,-7.2142470711,-13.7647542900
342,-13.8155105580,-13.8155105580,-0.0000010000,-13.8155105580
343,-13.8155105580,-0.0000010000,-12.4147405866,-9.7508894557
344,-13.8155105580,-13.8155105580,-0.0000010000,-13.8155105580
345,-12.1216707316,-13.8155105580,-13.8155105580,-12.7137575854
346,-11.2615341075,-13.8155105580,-0.0000010000,-13.8155105580
347,-0.0000010000,-13.8155105580,-9.5748160586,-13.8155105580
348,-13.8155105580,-13.8155105580,-13.8155105580,-13.8155105580
349,-13.8155105580,-13.8155105580,-13.8155105580,-13.8155105580
350,-9.5773211645,-13.8155105580,-0.0000010000,-13.8155105580
351,-13.8155105580,-13.8155105580,-13.8155105580,-13.8155105580
352,-13.8155105580,-0.0000010000,-5.3831344724,-13.8155105580
353,-13.8155105580,-0.0000010000,-13.8155105580,-13.8155105580
354,-13.8155105580,-13.8155105580,-13.8155105580,-13.8155105580
355,-13.8155105580,-13.8155105580,-0.0000010000,-13.8155105580
356,-13.8155105580,-13.8155105580,-0.0000010000,-13.8155105580
357,-0.0000010000,-13.8155105580,-11.8269646470,-13.8155105580
358,-13.8155105580,-13.8155105580,-0.0000010000,-0.0000010000
359,-13.8155105580,-13.8155105580,-0.1978562627,-0.0000010000
360,-10.5157104501,-13.8155105580,-10.9868871561,-13.8155105580
361,-11.9646805964,-13.8155105580,-12.8216502537,-13.8155105580
362,-0.0000010000,-13.8155105580,-13.8155105580,-13.8155105580
363,-0.0000010000,-13.8155105580,-13.8155105580,-13.8155105580
364,-13.8155105580,-13.8155105580,-0.0000010000,-13.8155105580
365,-13.8155105580,-13.8155105580,-13.8155105580,-13.8155105580
366,-0.0000010000,-0.0000010000,-0.0000010000,-0.0000010000
367,-13.8155105580,-13.8155105580,-13.8155105580,-13.8155105580
368,-13.8155105580,-13.8155105580,-5.8306110899,-0.0000010000
369,-12.0460399944,-13.8155105580,-13.8155105580,-13.8155105580
370,-13.8064069218,-13.8155105580,-0.0000010000,-13.8155105580
371,-0.0000010000,-13.8155105580,-0.0000010000,-13.8155105580
372,-13.8155105580,-0.0000010000,-13.8155105580,-13.8155105580
373,-13.8155105580,-0.0000010000,-7.9040520506,-13.8155105580
374,-0.0000010000,-13.8155105580,-8.7812334626,-13.8155105580
375,-0.0000010000,-13.8155105580,-0.0062237093,-13.8155105580
376,-8.9013196738,-0.0000010000,-13.8155105580,-13.8155105580
377,-13.8155105580,-13.8155105580,-13.8155105580,-13.8155105580
378,-13.8155105580,-13.8155105580,-13.8155105580,-13.8155105580
379,-13.8155105580,-13.8155105580,-13.8155105580,-13.8155105580
380,-13.8155105580,-13.8155105580,-0.0000010000,-13.8155105580
381,-13.8155105580,-13.8155105580,-6.7622325344,-13.8155105580
382,-0.0000010000,-0.0000010000,-13.8155105580,-12.4391439959
383,-0.0000010000,-13.8155105580,-5.7534486343,-0.0000010000
384,-13.8155105580,-10.7141436108,-0.0000010000,-13.8155105580
385,-8.8569736064,-0.0000010000,-8.1217319060,-13.8155105580
386,-13.8155105580,-13.8155105580,-11.2005223441,-13.8155105580
387,-0.0000010000,-13.8155105580,-13.8155105580,-13.8155105580
388,-12.4860092954,-13.8155105580,-0.0000010000,-13.8155105580
389,-13.8155105580,-13.8155105580,-0.0000010000,-13.8155105580
390,-0.0000010000,-0.0000010000,-0.0000010000,-13.8155105580
391,-0.0000010000,-13.8155105580,-12.4840832775,-13.8155105580
392,-13.8155105580,-13.8155105580,-12.7922750176,-13.8155105580
393,-13.8155105580,-13.8155105580,-13.8155105580,-13.8155105580
394,-13.8155105580,-13.8155105580,-12.4272152114,-13.8155105580
395,-0.0000010000,-0.0000010000,-8.4758625047,-0.0000010000
396,-0.0000010000,-13.8155105580,-13.8155105580,-0.0000010000
397,-0.0000010000,-13.8155105580,-0.0000010000,-13.8155105580
398,-0.0000010000,-13.8155105580,-0.0000010000,-13.8155105580
399,-0.0000010000,-13.8155105580,-0.0000010000,-13.8155105580
400,-0.0000010000,-13.8155105580,-0.0000010000,-13.8155105580
401,-13.8155105580,-13.8155105580,-13.8155105580,-13.8155105580
402,-13.8155105580,-13.8155105580,-4.2980833541,-13.8155105580
403,-13.8155105580,-13.8155105580,-0.0000010000,-13.8155105580
404,-0.0000010000,-13.8155105580,-0.0000010000,-13.8155105580
405,-8.3164062217,-13.8155105580,-0.0000010000,-13.8155105580
406,-13.8155105580,-13.8155105580,-13.8155105580,-13.8155105580
407,-13.7265519868,-0.0000010000,-13.8155105580,-3.0176635837
408,-13.8155105580,-0.0000010000,-13.8155105580,-13.8155105580
409,-12.6867057830,-0.0000010000,-13.8155105580,-13.8155105580
410,-13.8155105580,-13.8155105580,-8.1259540275,-13.8155105580
411,-13.8155105580,-13.8155105580,-11.0880207990,-13.8155105580
412,-0.0000010000,-0.0000010000,-13.8155105580,-0.0000010000
413,-13.8155105580,-13.8155105580,-0.0000010000,-0.0000010000
414,-10.2705880783,-0.0000010000,-13.8155105580,-13.8155105580
415,-0.0000010000,-0.0000010000,-0.0000010000,-0.0000010000
416,-0.0000010000,-0.0000010000,-0.0000010000,-0.0000010000
417,-9.8554432060,-13.8155105580,-13.8155105580,-13.8155105580
418,-0.0000010000,-13.8155105580,-13.8155105580,-13.8155105580
419,-0.0000010000,-13.8155105580,-0.0000010000,-13.8155105580
420,-0.0000010000,-0.0000010000,-13.8155105580,-13.8155105580
421,-13.8155105580,-13.8155105580,-7.9681505880,-0.0000010000
422,-13.8155105580,-13.8155105580,-13.8155105580,-13.8155105580
423,-13.8155105580,-0.0000010000,-10.2234810215,-13.8155105580
424,-13.8155105580,-13.8155105580,-13.8155105580,-0.0000010000
425,-13.8155105580,-13.8155105580,-13.8155105580,-13.8155105580
426,-13.8155105580,-13.8155105580,-0.0000010000,-9.7602185931
427,-13.8155105580,-13.8155105580,-13.8155105580,-13.8155105580
428,-0.0000010000,-13.8155105580,-13.8155105580,-13.8155105580
429,-13.8155105580,-0.0000010000,-12.7593697325,-0.0000010000
430,-8.2516690354,-13.8155105580,-13.8155105580,-13.8155105580
431,-12.5193183905,-13.8155105580,-13.8155105580,-0.0000010000
432,-13.8155105580,-13.8155105580,-0.0000010000,-13.8155105580
433,-0.0000010000,-13.8155105580,-0.0000010000,-13.8155105580
434,-13.8155105580,-13.8155105580,-13.8155105580,-10.6289169375
435,-13.8155105580,-13.8155105580,-0.0000010000,-13.8155105580
436,-0.0000010000,-0.0000010000,-13.4758926649,-0.0000010000
437,-13.8155105580,-13.8155105580,-0.0000010000,-0.0000010000
438,-13.8155105580,-13.8155105580,-0.0000010000,-0.0000010000
439,-13.8155105580,-13.8155105580,-0.0000010000,-0.0000010000
440,-13.3633901497,-13.8155105580,-8.2027357792,-13.8155105580
441,-13.8155105580,-13.8155105580,-2.7978513416,-9.3618291074
442,-11.9028751211,-13.8155105580,-10.4288710663,-13.8155105580
443,-0.0000010000,-13.8155105580,-13.8155105580,-7.5602061588
444,-13.8155105580,-0.0000010000,-13.8155105580,-13.8155105580
445,-12.4261270893,-13.8155105580,-13.8155105580,-13.8155105580
446,-13.8155105580,-0.0000010000,-13.8155105580,-13.8155105580
447,-0.0000010000,-13.8155105580,-13.8155105580,-13.8155105580
448,-13.8155105580,-13.8155105580,-13.8155105580,-13.8155105580
449,-0.0000010000,-13.8155105580,-13.8155105580,-13.8155105580
450,-12.8947198517,-13.8155105580,-0.0000010000,-12.6612002237
451,-13.8155105580,-13.8155105580,-13.8155105580,-13.8155105580
452,-0.0000010000,-13.8155105580,-13.8155105580,-13.8155105580
453,-0.0000010000,-0.0000010000,-13.8155105580,-0.0000010000
454,-8.0974442366,-13.8155105580,-0.0000010000,-13.8155105580
455,-13.1478860999,-0.0000010000,-0.0000010000,-0.0000010000
456,-13.8155105580,-13.8155105580,-13.8155105580,-13.8155105580
457,-13.8155105580,-13.8155105580,-0.0000010000,-0.0000010000
458,-0.0000010000,-13.8155105580,-13.8155105580,-13.8155105580
459,-13.8155105580,-13.8155105580,-13.8155105580,-13.8155105580
460,-13.8155105580,-0.0000010000,-13.8155105580,-13.8155105580
461,-13.8155105580,-0.0000010000,-13.8155105580,-13.8155105580
462,-13.8155105580,-0.0000010000,-13.8155105580,-13.8155105580
463,-13.8155105580,-13.8155105580,-13.8155105580,-13.8155105580
464,-13.8155105580,-0.0000010000,-13.8155105580,-13.8155105580
465,-13.8155105580,-13.8155105580,-13.8155105580,-0.0000010000
466,-0.0000010000,-13.8155105580,-13.8155105580,-13.8155105580
467,-13.8155105580,-13.8155105580,-7.8338915744,-13.8155105580
468,-13.8155105580,-13.8155105580,-13.8155105580,-13.8155105580
469,-13.8155105580,-13.8155105580,-13.8155105580,-13.8155105580
470,-0.0000010000,-13.8155105580,-13.8155105580,-13.8155105580
471,-12.6747333585,-13.8155105580,-0.0000010000,-13.8155105580
472,-13.8155105580,-13.8155105580,-13.4556855002,-13.8155105580
473,-13.8155105580,-13.8155105580,-13.8155105580,-13.8155105580
474,-13.8155105580,-12.7741930148,-0.0000010000,-13.8155105580
475,-13.8155105580,-13.8155105580,-9.4490483935,-13.8155105580
476,-13.8155105580,-13.8155105580,-13.8155105580,-13.8155105580
477,-0.0000010000,-13.8155105580,-13.8155105580,-11.5676374460
478,-0.0000010000,-13.8155105580,-3.6937222944,-13.8155105580
479,-13.8155105580,-13.8155105580,-13.8155105580,-13.8155105580
480,-13.8155105580,-13.8155105580,-13.8155105580,-13.8155105580
481,-13.8155105580,-13.8155105580,-13.8155105580,-13.8155105580
482,-13.8155105580,-13.8155105580,-13.8155105580,-13.2302690949
483,-13.8155105580,-0.0000010000,-13.8155105580,-13.8155105580
484,-13.8155105580,-13.8155105580,-0.0000010000,-13.8155105580
485,-13.8155105580,-13.8155105580,-13.8155105580,-13.8155105580
486,-13.8155105580,-13.8155105580,-5.4777479288,-13.8155105580
487,-13.8155105580,-13.8155105580,-13.8155105580,-13.8155105580
488,-13.8155105580,-0.0000010000,-13.8155105580,-13.8155105580
489,-13.8155105580,-13.8155105580,-13.8155105580,-0.0000010000
490,-13.8155105580,-0.0000010000,-13.8155105580,-13.8155105580
491,-13.8155105580,-0.0000010000,-13.8155105580,-13.8155105580
492,-13.8155105580,-13.8155105580,-13.8155105580,-13.8155105580
493,-13.8155105580,-0.0000010000,-13.8155105580,-0.0000010000
494,-0.0000010000,-13.8155105580,-0.0458594119,-0.0000010000
495,-13.8155105580,-13.8155105580,-13.8155105580,-13.8155105580
496,-13.8155105580,-0.0000010000,-5.1383346850,-13.8155105580
497,-0.0000010000,-0.0000010000,-0.0000010000,-0.0000010000
498,-0.0000010000,-0.0000010000,-3.8035219713,-0.0000010000
499,-13.0196606682,-13.8155105580,-13.8155105580,-0.0000010000
500,-13.1046828933,-0.0000010000,-0.0000010000,-13.8155105580
501,-13.8155105580,-13.8155105580,-13.8155105580,-13.8155105580
502,-0.0000010000,-13.8155105580,-5.0847991730,-13.8155105580
503,-0.0000010000,-13.8155105580,-10.7215545938,-0.0000010000
504,-0.0000010000,-13.8155105580,-13.8155105580,-0.0000010000
505,-13.8155105580,-0.0000010000,-0.0000010000,-0.0000010000
506,-13.8155105580,-13.8155105580,-0.0000010000,-13.8155105580
507,-0.0000010000,-13.8155105580,-7.8295401804,-13.8155105580
508,-13.8155105580,-13.8155105580,-13.4183460865,-13.8155105580
509,-13.8155105580,-13.8155105580,-13.8155105580,-0.0000010000
510,-13.8155105580,-13.8155105580,-12.5230445978,-13.8155105580
511,-13.8155105580,-13.8155105580,-5.6995467714,-13.8155105580
512,-13.8155105580,-13.8155105580,-13.8155105580,-13.8155105580
513,-13.8155105580,-13.8155105580,-13.4816858919,-13.8155105580
514,-0.0000010000,-13.8155105580,-13.8155105580,-13.5015620575
515,-13.8155105580,-13.8155105580,-13.8155105580,-13.8155105580
516,-0.0000010000,-13.8155105580,-0.0000010000,-13.8155105580
517,-13.8155105580,-13.8155105580,-13.8155105580,-13.8155105580
518,-13.8155105580,-0.0000010000,-13.8155105580,-0.0000010000
519,-0.0000010000,-0.0000010000,-13.8155105580,-0.0000010000
520,-13.8155105580,-13.8155105580,-13.8155105580,-13.8155105580
521,-13.8155105580,-13.8155105580,-13.8155105580,-13.8155105580
522,-0.0000010000,-13.8155105580,-7.1642087555,-12.4870672815
523,-13.8155105580,-13.8155105580,-12.7709777108,-0.0000010000
524,-13.8155105580,-13.8155105580,-7.8649575664,-13.8155105580
525,-13.8155105580,-13.8155105580,-13.8155105580,-13.8155105580
526,-13.8155105580,-13.8155105580,-13.8155105580,-13.8155105580
527,-13.8155105580,-13.8155105580,-13.8155105580,-13.8155105580
528,-13.8155105580,-13.8155105580,-13.8155105580,-13.8155105580
529,-13.8155105580,-0.0000010000,-13.8155105580,-13.8155105580
530,-5.9603184362,-13.8155105580,-0.0000010000,-13.8155105580
531,-0.0000010000,-13.8155105580,-0.0000010000,-13.8155105580
532,-0.0000010000,-13.8155105580,-0.0000010000,-13.8155105580
533,-13.7922432030,-13.8155105580,-0.0000010000,-13.8155105580
534,-13.8155105580,-0.0000010000,-11.7026227769,-0.0000010000
535,-0.0000010000,-0.0000010000,-13.8155105580,-0.0000010000
536,-0.0000010000,-0.0000010000,-0.0000010000,-0.0000010000
537,-12.9405767453,-13.8155105580,-13.8155105580,-13.8155105580
538,-13.3085359797,-0.0000010000,-13.8155105580,-13.8155105580
539,-13.8155105580,-13.8155105580,-0.0000010000,-13.8155105580
540,-0.0000010000,-13.8155105580,-0.0000010000,-13.8155105580
541,-13.8155105580,-13.8155105580,-13.8155105580,-13.8155105580
542,-10.3638504011,-13.8155105580,-13.8155105580,-13.8155105580
543,-13.8155105580,-0.0000010000,-13.8155105580,-0.0000010000
544,-10.3151568443,-13.8155105580,-0.0000010000,-13.8155105580
545,-13.8155105580,-13.8155105580,-13.8155105580,-13.8155105580
546,-13.8155105580,-0.0000010000,-12.7939292265,-13.8155105580
547,-0.0000010000,-0.0000010000,-13.8155105580,-13.8155105580
548,-12.8927503680,-13.8155105580,-8.2286862024,-13.8155105580
549,-13.8155105580,-13.8155105580,-0.0000010000,-0.0000010000
550,-13.8155105580,-13.8155105580,-13.8155105580,-13.8155105580
551,-12.2384965486,-13.8155105580,-13.8155105580,-0.0000010000
552,-13.8155105580,-13.8155105580,-9.7805090641,-13.8155105580
553,-13.8155105580,-13.8155105580,-12.2815598640,-13.8155105580
554,-0.0000010000,-13.8155105580,-13.8155105580,-0.0000010000
555,-0.0000010000,-13.8155105580,-13.8155105580,-13.8155105580
556,-0.0000010000,-13.8155105580,-0.0000010000,-13.8155105580
557,-13.8155105580,-0.0000010000,-6.7099059473,-13.8155105580
558,-13.2822719677,-13.8155105580,-13.4609664704,-0.0000010000
559,-13.8155105580,-13.8155105580,-13.8155105580,-13.8155105580
560,-0.0000010000,-13.8155105580,-13.8155105580,-0.0000010000
561,-13.8155105580,-0.0000010000,-8.7868773039,-13.8155105580
562,-12.3804778484,-13.8155105580,-0.0000010000,-0.0000010000
563,-13.8155105580,-13.8155105580,-13.8155105580,-13.8155105580
564,-13.8155105580,-13.8155105580,-13.8155105580,-3.2757969926
565,-10.1646886374,-13.8155105580,-0.0000010000,-13.8155105580
566,-13.8155105580,-0.0000010000,-13.8155105580,-13.8155105580
567,-13.8155105580,-13.8155105580,-0.0000010000,-10.4311473305
568,-0.0000010000,-13.8155105580,-0.0000010000,-13.8155105580
569,-12.6052767059,-13.8155105580,-13.8155105580,-13.8155105580
570,-13.8155105580,-13.8155105580,-13.8155105580,-13.8155105580
571,-0.0000010000,-13.8155105580,-13.8155105580,-13.8155105580
572,-13.8155105580,-0.0000010000,-13.8155105580,-8.3890863047
573,-0.0000010000,-13.8155105580,-6.6629046855,-0.0000010000
574,-0.0000010000,-13.8155105580,-7.8292988611,-0.0000010000
575,-0.0000010000,-13.8155105580,-4.4405915973,-0.0000010000
576,-12.4687454945,-0.0000010000,-13.8155105580,-13.8155105580
577,-13.3413535292,-0.0000010000,-13.8155105580,-13.8155105580
578,-9.3908073327,-13.8155105580,-13.8155105580,-13.8155105580
579,-0.0000010000,-13.8155105580,-8.9969263789,-0.0000010000
580,-13.8155105580,-0.0000010000,-13.8155105580,-13.8155105580
581,-13.8155105580,-13.8155105580,-6.9939861829,-0.0000010000
582,-13.4047239819,-0.0000010000,-0.0000010000,-13.8155105580
583,-13.8155105580,-13.8155105580,-0.0000010000,-0.0000010000
584,-0.0000010000,-13.8155105580,-0.0064678921,-13.8155105580
585,-13.8155105580,-13.8155105580,-8.2737511464,-0.0000010000
586,-13.8155105580,-13.8155105580,-7.8689210933,-13.8155105580
587,-13.8155105580,-13.8155105580,-13.8155105580,-13.8155105580
588,-0.0000010000,-13.8155105580,-0.0005767748,-13.8155105580
589,-0.0000010000,-13.8155105580,-12.9406272505,-13.8155105580
590,-0.0000010000,-13.8155105580,-12.5728716706,-13.8155105580
591,-13.8155105580,-13.8155105580,-13.8155105580,-13.8155105580
592,-8.7515326636,-13.8155105580,-5.1036955046,-0.0000010000
593,-12.7795292560,-13.8155105580,-13.8155105580,-13.8155105580
594,-12.4592087137,-13.8155105580,-0.0000010000,-13.8155105580
595,-0.0000010000,-13.8155105580,-0.0000010000,-6.3865576886
596,-3.1149653520,-13.8155105580,-7.8328486016,-13.8155105580
597,-13.8155105580,-13.8155105580,-3.8765220227,-13.8155105580
598,-13.8155105580,-0.0000010000,-0.0000010000,-13.8155105580
599,-0.0000010000,-13.8155105580,-13.8155105580,-13.8155105580
600,-13.8155105580,-13.8155105580,-9.5801954696,-13.8155105580
601,-13.8155105580,-0.0000010000,-13.8155105580,-0.0000010000
602,-10.7473652201,-0.0000010000,-13.8155105580,-0.0000010000
603,-13.8155105580,-13.8155105580,-13.8155105580,-0.0000010000
604,-13.8155105580,-13.8155105580,-7.1427229414,-13.8155105580
605,-13.8155105580,-13.8155105580,-0.0000010000,-0.0000010000
606,-11.3840558718,-13.8155105580,-0.0000010000,-0.0000010000
607,-13.8155105580,-13.8155105580,-0.0000010000,-13.8155105580
608,-13.8155105580,-13.8155105580,-0.0000010000,-13.8155105580
609,-13.8155105580,-13.8155105580,-13.8155105580,-0.0000010000
610,-0.0000010000,-13.8155105580,-13.8155105580,-11.2481585107
611,-13.8155105580,-13.8155105580,-13.8155105580,-0.0000010000
612,-13.8155105580,-13.8155105580,-13.8155105580,-13.8155105580
613,-13.8155105580,-0.0000010000,-0.0000010000,-0.0000010000
614,-0.0000010000,-13.8155105580,-0.0000010000,-13.8155105580
615,-0.0000010000,-13.8155105580,-0.0000010000,-13.8155105580
616,-0.0000010000,-13.8155105580,-0.0000010000,-13.8155105580
617,-12.4412312040,-13.8155105580,-0.0000010000,-13.8155105580
618,-13.8155105580,-13.8155105580,-9.1778668329,-0.0000010000
619,-11.1982704687,-13.8155105580,-13.8155105580,-13.8155105580
620,-13.8155105580,-13.8155105580,-13.4142895876,-13.8155105580
621,-13.8155105580,-0.0000010000,-6.7446071108,-13.8155105580
622,-0.0000010000,-13.8155105580,-0.0000010000,-9.3589872719
623,-0.0000010000,-13.8155105580,-13.8155105580,-0.0000010000
624,-0.0000010000,-13.8155105580,-11.3661893495,-0.0000010000
625,-13.8155105580,-13.8155105580,-13.8155105580,-10.7316346211
626,-13.8155105580,-13.8155105580,-0.0000010000,-13.8155105580
627,-9.8222111335,-0.0000010000,-0.1055633081,-0.0000010000
628,-12.4790426497,-7.3827919142,-0.0000010000,-13.8155105580
629,-10.5050364030,-13.8155105580,-7.8559029471,-13.8155105580
630,-13.8155105580,-13.8155105580,-13.8155105580,-0.0000010000
631,-12.7857401092,-13.8155105580,-0.0000010000,-0.0000010000
632,-13.8155105580,-0.0000010000,-13.8155105580,-13.8155105580
633,-0.0000010000,-0.0000010000,-6.5922941553,-0.0000010000
634,-0.0000010000,-13.8155105580,-13.8155105580,-13.8155105580
635,-13.8155105580,-13.8155105580,-13.8155105580,-13.8155105580
636,-0.0000010000,-13.8155105580,-0.0000010000,-13.8155105580
637,-13.8155105580,-13.8155105580,-0.0000010000,-13.8155105580
638,-13.8155105580,-0.0000010000,-13.8155105580,-13.8155105580
639,-13.8155105580,-13.8155105580,-13.8155105580,-13.8155105580
640,-13.8155105580,-13.8155105580,-0.0000010000,-0.0000010000
641,-13.8155105580,-13.8155105580,-11.9573034977,-13.8155105580
642,-13.8155105580,-13.8155105580,-13.8155105580,-13.8155105580
643,-12.5398478505,-13.8155105580,-13.8155105580,-13.8155105580
644,-13.8155105580,-13.8155105580,-0.0000010000,-13.8155105580
645,-13.8155105580,-13.8155105580,-0.0000010000,-13.8155105580
646,-13.8155105580,-0.0000010000,-13.8155105580,-0.0000010000
647,-13.8155105580,-13.8155105580,-13.8155105580,-13.8155105580
648,-11.1729604481,-13.8155105580,-0.0000010000,-13.8155105580
649,-12.8539620525,-13.8155105580,-13.8155105580,-13.8155105580
650,-13.4959855800,-13.8155105580,-0.0000010000,-13.8155105580
651,-12.9372497092,-13.8155105580,-0.0000010000,-8.5905456660
652,-12.3706613514,-0.0000010000,-13.8155105580,-0.0000010000
653,-0.0000010000,-0.0000010000,-13.8155105580,-13.8155105580
654,-13.8155105580,-13.8155105580,-10.8236978545,-13.8155105580
655,-0.0000010000,-13.8155105580,-6.7442889666,-0.0000010000
656,-0.0000010000,-13.8155105580,-0.0000010000,-13.8155105580
657,-13.8155105580,-13.8155105580,-13.8155105580,-13.8155105580
658,-13.8155105580,-13.8155105580,-13.8155105580,-13.8155105580
659,-0.0000010000,-13.8155105580,-13.8155105580,-13.8155105580
660,-0.0000010000,-13.8155105580,-13.8155105580,-13.8155105580
661,-12.6595243432,-13.8155105580,-0.0000010000,-13.8155105580
662,-7.0096087240,-13.8155105580,-0.0000010000,-13.8155105580
663,-12.4150498574,-13.8155105580,-0.0000010000,-13.8155105580
664,-13.8155105580,-13.8155105580,-13.8155105580,-13.8155105580
665,-13.8155105580,-13.8155105580,-13.8155105580,-13.8155105580
666,-0.0000010000,-13.8155105580,-13.8155105580,-13.8155105580
667,-13.8155105580,-0.0000010000,-13.8155105580,-0.0000010000
668,-10.7928976443,-13.8155105580,-13.8155105580,-13.8155105580
669,-13.8155105580,-13.8155105580,-13.8155105580,-13.8155105580
670,-13.8155105580,-13.8155105580,-13.8155105580,-0.0000010000
671,-13.8155105580,-13.8155105580,-11.4440086729,-13.8155105580
672,-0.0000010000,-13.8155105580,-13.8155105580,-0.0000010000
673,-13.8155105580,-13.8155105580,-13.8155105580,-13.8155105580
674,-13.8155105580,-0.0000010000,-13.8155105580,-0.0000010000
675,-0.0000010000,-6.2351534722,-12.6736346136,-13.8155105580
676,-0.0000010000,-0.0000010000,-13.8155105580,-13.8155105580
677,-13.8155105580,-13.8155105580,-0.0000010000,-0.0000010000
678,-13.8155105580,-13.8155105580,-13.8155105580,-13.8155105580
679,-13.8155105580,-0.0000010000,-9.6292608591,-0.0000010000
680,-0.0000010000,-13.8155105580,-0.0000010000,-13.8155105580
681,-13.7994594695,-13.8155105580,-0.0000010000,-13.8155105580
682,-13.8155105580,-13.8155105580,-7.5819125662,-13.8155105580
683,-0.0000010000,-13.8155105580,-0.0000010000,-13.8155105580
684,-13.8155105580,-13.8155105580,-0.0000010000,-10.0303755102
685,-13.8155105580,-13.8155105580,-13.8155105580,-13.8155105580
686,-0.0000010000,-13.8155105580,-11.6616799579,-0.0000010000
687,-12.8821891409,-13.8155105580,-0.0000010000,-13.8155105580
688,-11.6379237230,-13.8155105580,-11.1764201531,-13.8155105580
689,-0.0000010000,-13.8155105580,-13.8155105580,-13.8155105580
690,-13.8155105580,-0.0000010000,-13.8155105580,-13.8155105580
691,-13.8155105580,-13.8155105580,-13.8155105580,-13.8155105580
692,-13.8155105580,-13.8155105580,-13.8155105580,-0.0000010000
693,-13.8155105580,-13.8155105580,-0.0000010000,-10.3908624227
694,-13.8155105580,-13.8155105580,-13.8155105580,-13.8155105580
695,-13.8155105580,-13.8155105580,-13.7586655828,-13.8155105580
696,-13.7794713059,-13.8155105580,-13.8155105580,-13.8155105580
697,-9.6830334390,-13.8155105580,-10.5613489913,-13.8155105580
698,-13.8155105580,-13.8155105580,-13.8155105580,-13.8155105580
699,-13.8155105580,-13.8155105580,-7.7040356712,-13.8155105580
700,-0.0000010000,-13.8155105580,-13.8155105580,-13.8155105580
701,-13.8155105580,-13.8155105580,-13.8155105580,-13.8155105580
702,-13.8155105580,-13.8155105580,-0.0000010000,-0.0000010000
703,-13.8155105580,-13.8155105580,-0.0000010000,-0.0000010000
704,-12.0281063987,-13.8155105580,-13.8155105580,-13.8155105580
705,-13.8155105580,-13.8155105580,-13.8155105580,-13.8155105580
706,-13.8155105580,-13.8155105580,-13.8155105580,-13.8155105580
707,-13.8155105580,-13.8155105580,-13.8155105580,-13.8155105580
708,-0.0000010000,-13.8155105580,-13.8155105580,-0.0000010000
709,-0.0000010000,-13.8155105580,-13.8155105580,-13.8155105580
710,-13.8155105580,-13.8155105580,-0.0000010000,-12.5368318397
711,-13.5373650400,-13.8155105580,-6.7404495587,-12.2391392177
712,-13.8155105580,-13.8155105580,-0.0000010000,-0.0000010000
713,-13.8155105580,-13.8155105580,-0.0070835266,-0.0000010000
714,-13.8155105580,-13.8155105580,-10.2683033220,-13.8155105580
715,-13.8155105580,-13.8155105580,-13.8155105580,-13.8155105580
716,-12.6122977869,-13.8155105580,-13.8155105580,-13.8155105580
717,-13.8155105580,-13.8155105580,-13.8155105580,-13.8155105580
718,-13.8155105580,-13.8155105580,-0.0000010000,-13.8155105580
719,-0.0000010000,-13.8155105580,-10.8961707447,-0.0000010000
720,-13.8155105580,-13.8155105580,-13.8155105580,-13.8155105580
721,-0.0000010000,-13.8155105580,-0.0000010000,-13.8155105580
722,-13.8155105580,-13.8155105580,-3.6674363877,-13.8155105580
723,-13.8155105580,-13.8155105580,-6.8016370270,-13.8155105580
724,-0.0000010000,-13.8155105580,-13.8155105580,-0.0000010000
725,-13.8073948706,-13.8155105580,-13.8155105580,-13.8155105580
726,-13.8155105580,-13.8155105580,-13.8155105580,-0.0000010000
727,-12.3763965139,-13.8155105580,-9.5163412966,-0.0000010000
728,-13.8155105580,-13.8155105580,-0.1610936200,-0.0000010000
729,-12.9087394692,-13.8155105580,-13.8155105580,-12.4241605830
730,-13.8155105580,-13.8155105580,-0.0000010000,-13.8155105580
731,-5.1044271683,-13.8155105580,-13.8155105580,-13.8155105580
732,-13.8155105580,-0.0000010000,-13.8155105580,-13.8155105580
733,-13.8155105580,-13.8155105580,-13.8155105580,-13.8155105580
734,-0.0000010000,-13.8155105580,-11.5669274049,-13.8155105580
735,-13.8155105580,-13.8155105580,-13.0005522760,-13.8155105580
736,-13.8155105580,-13.8155105580,-13.8155105580,-13.8155105580
737,-13.8155105580,-0.0000010000,-7.2216588184,-0.0000010000
738,-0.0000010000,-13.8155105580,-13.8155105580,-0.0000010000
739,-13.8155105580,-13.8155105580,-13.8155105580,-13.8155105580
740,-13.8155105580,-13.8155105580,-11.2884320416,-13.8155105580
741,-11.8045819083,-13.8155105580,-3.7719894224,-0.0000010000
742,-13.8155105580,-0.0000010000,-0.0000010000,-0.0000010000
743,-10.0699978334,-13.8155105580,-0.0000010000,-13.8155105580
744,-13.2707259249,-13.8155105580,-13.8155105580,-11.3805776893
745,-13.8155105580,-13.8155105580,-0.0000010000,-13.5138409895
746,-0.0000010000,-13.8155105580,-0.0000010000,-13.8155105580
747,-13.8155105580,-13.8155105580,-6.1213956574,-13.8155105580
748,-13.8155105580,-13.8155105580,-0.0000010000,-13.8155105580
749,-11.3313038891,-13.8155105580,-0.0000010000,-0.0000010000
750,-13.8155105580,-13.8155105580,-13.8155105580,-13.8155105580
751,-13.4154606116,-13.8155105580,-13.8155105580,-13.8155105580
752,-13.8155105580,-13.8155105580,-0.0000010000,-13.8155105580
753,-12.7385612735,-0.0000010000,-12.5818754490,-13.4355189155
754,-11.1034496484,-13.8155105580,-3.9698977383,-0.0000010000
755,-13.7734534583,-13.8155105580,-0.0000010000,-0.0000010000
756,-13.8155105580,-13.8155105580,-0.0000010000,-13.1204258438
757,-13.8155105580,-13.8155105580,-10.4676449382,-13.8155105580
758,-0.0000010000,-13.8155105580,-13.8155105580,-0.0000010000
759,-13.8155105580,-13.8155105580,-6.7221578086,-0.0000010000
760,-0.0000010000,-13.8155105580,-5.2680640652,-0.0000010000
761,-0.0000010000,-0.0000010000,-9.6870184139,-0.0000010000
762,-13.8155105580,-13.8155105580,-13.8155105580,-13.8155105580
763,-13.8155105580,-13.8155105580,-13.8155105580,-13.8155105580
764,-0.0000010000,-13.8155105580,-0.0000010000,-13.8155105580
765,-13.8155105580,-0.0000010000,-13.8155105580,-13.8155105580
766,-13.8111146509,-13.8155105580,-7.8364970162,-0.0000010000
767,-13.8155105580,-13.8155105580,-13.8155105580,-0.0000010000
768,-10.8818538654,-0.0000010000,-0.0000010000,-0.0000010000
769,-0.0000010000,-13.8155105580,-13.8155105580,-13.8155105580
770,-13.8155105580,-13.8155105580,-13.8155105580,-13.8155105580
771,-13.8155105580,-13.8155105580,-13.8155105580,-13.8155105580
772,-13.8155105580,-13.8155105580,-13.8155105580,-13.8155105580
773,-13.8155105580,-13.8155105580,-13.8155105580,-13.8155105580
774,-13.8155105580,-13.8155105580,-13.8155105580,-13.8155105580
775,-13.7135703049,-13.8155105580,-0.0000010000,-13.8155105580
776,-0.0000010000,-0.0000010000,-0.0000010000,-0.0000010000
777,-0.0000010000,-13.8155105580,-13.8155105580,-7.5142789918
778,-0.0000010000,-0.0000010000,-13.8155105580,-13.8155105580
779,-13.8155105580,-13.8155105580,-0.0000010000,-13.8155105580
780,-0.0000010000,-0.0000010000,-13.8155105580,-13.8155105580
781,-13.8155105580,-13.8155105580,-12.9693674587,-0.0000010000
782,-0.0000010000,-13.8155105580,-13.8155105580,-13.8155105580
783,-13.8155105580,-0.0000010000,-13.8155105580,-13.8155105580
784,-0.0000010000,-13.8155105580,-13.8155105580,-13.8155105580
785,-0.0000010000,-13.8155105580,-13.8155105580,-13.8155105580
786,-13.8155105580,-0.0000010000,-13.8155105580,-13.8155105580
787,-13.8155105580,-13.8155105580,-0.0000010000,-13.8155105580
788,-0.0000010000,-13.8155105580,-13.1157204730,-13.8155105580
789,-0.0000010000,-13.8155105580,-4.7496086454,-13.8155105580
790,-0.0000010000,-13.8155105580,-5.1597073511,-13.8155105580
791,-12.5037332933,-0.0000010000,-0.0000010000,-13.8155105580
792,-0.0000010000,-13.8155105580,-3.0311517030,-0.0000010000
793,-10.4382004191,-13.8155105580,-13.8155105580,-13.8155105580
794,-13.2466140826,-13.8155105580,-0.0000010000,-13.8155105580
795,-8.4214804932,-13.8155105580,-6.7905152322,-13.8155105580
796,-13.8155105580,-0.0000010000,-0.0000010000,-13.8155105580
797,-0.0000010000,-13.8155105580,-13.8155105580,-13.8155105580
798,-12.7157739569,-0.0000010000,-7.1129512590,-13.8155105580
799,-13.8155105580,-13.8155105580,-13.8155105580,-13.8155105580
800,-13.0452264189,-0.0000010000,-13.8155105580,-13.8155105580
801,-13.8155105580,-13.8155105580,-13.8155105580,-13.8155105580
802,-12.4875972373,-13.8155105580,-13.4314790641,-13.8155105580
803,-13.8155105580,-13.8155105580,-13.8155105580,-9.7429702791
804,-13.8155105580,-13.8155105580,-0.0000010000,-13.8155105580
805,-12.2617874384,-13.8155105580,-13.8155105580,-13.8155105580
806,-13.8155105580,-13.8155105580,-10.6169973222,-0.0000010000
807,-13.8155105580,-13.8155105580,-13.8155105580,-13.8155105580
808,-13.8155105580,-13.8155105580,-13.8155105580,-13.8155105580
809,-13.8155105580,-13.8155105580,-0.0000010000,-0.0000010000
810,-0.0000010000,-13.8155105580,-13.8155105580,-13.8155105580
811,-13.8155105580,-13.8155105580,-13.8155105580,-13.8155105580
812,-13.8155105580,-13.8155105580,-0.0000010000,-13.8155105580
813,-13.8155105580,-13.8155105580,-8.6246132739,-0.0000010000
814,-13.8155105580,-13.8155105580,-13.8155105580,-13.8155105580
815,-13.8155105580,-13.8155105580,-0.0000010000,-13.8155105580
816,-13.8155105580,-0.0000010000,-8.0200126569,-12.5824901674
817,-11.5685005263,-13.8155105580,-7.8355231792,-0.0000010000
818,-0.0000010000,-13.8155105580,-0.0000010000,-13.8155105580
819,-13.8155105580,-13.8155105580,-13.8155105580,-13.8155105580
820,-13.8155105580,-13.8155105580,-0.0000010835,-0.0000010000
821,-10.7999844075,-13.8155105580,-13.4492742908,-0.0000010000
822,-13.8155105580,-13.8155105580,-0.0000010000,-0.0000010000
823,-13.8155105580,-13.8155105580,-13.8155105580,-0.0000010000
824,-13.5335544737,-13.8155105580,-12.8309520141,-13.8155105580
825,-12.3715599758,-13.8155105580,-0.0694274812,-10.5758327003
826,-12.5384043561,-13.8155105580,-13.8155105580,-13.8155105580
827,-8.7790979295,-13.8155105580,-13.8155105580,-0.0000010000
828,-13.8155105580,-13.8155105580,-13.8155105580,-13.8155105580
829,-12.9126483591,-13.8155105580,-13.8155105580,-13.8155105580
830,-0.0000010000,-0.0000010000,-6.3739412350,-0.0000010000
831,-13.8155105580,-13.8155105580,-6.8744699998,-13.8155105580
832,-13.8058218400,-13.8155105580,-8.7102770119,-13.8155105580
833,-13.8155105580,-13.8155105580,-13.8155105580,-13.8155105580
834,-13.8155105580,-13.8155105580,-6.2042441869,-0.0000010000
835,-13.8155105580,-13.8155105580,-13.8155105580,-13.8155105580
836,-0.0000010000,-13.8155105580,-13.8155105580,-13.8155105580
837,-0.0000010000,-13.8155105580,-0.0000010000,-13.8155105580
838,-11.6624313381,-13.8155105580,-13.8155105580,-13.8155105580
839,-0.0000010000,-13.8155105580,-0.0000010000,-13.8155105580
840,-0.0000010000,-13.8155105580,-0.0000010000,-13.8155105580
841,-13.8155105580,-13.8155105580,-13.8155105580,-13.8155105580
842,-13.8155105580,-13.8155105580,-8.3618866881,-13.8155105580
843,-13.8155105580,-13.8155105580,-13.8155105580,-13.8155105580
844,-13.1621970757,-13.8155105580,-13.8155105580,-11.9788692825
845,-13.8155105580,-13.8155105580,-13.8155105580,-13.8155105580
846,-13.8155105580,-13.8155105580,-13.8155105580,-13.8155105580
847,-10.1603338367,-13.8155105580,-13.8155105580,-0.0000010000
848,-13.8155105580,-13.8155105580,-13.8155105580,-13.8155105580
849,-0.0000010000,-13.8155105580,-13.8155105580,-13.8155105580
850,-11.1015501081,-13.8155105580,-13.5366225189,-13.8155105580
851,-12.9792606439,-13.8155105580,-13.8155105580,-13.8155105580
852,-0.0000010000,-13.8155105580,-9.1801859401,-13.8155105580
853,-13.8155105580,-13.8155105580,-13.8155105580,-0.0000010000
854,-13.8155105580,-13.8155105580,-13.4678427398,-13.8155105580
855,-13.8155105580,-13.8155105580,-13.8155105580,-0.0000010000
856,-13.8155105580,-13.8155105580,-0.0000010000,-13.8155105580
857,-13.8155105580,-13.8155105580,-13.8155105580,-13.8155105580
858,-13.8155105580,-13.8155105580,-0.0000010000,-13.8155105580
859,-13.8155105580,-13.8155105580,-13.8155105580,-13.8155105580
860,-13.8155105580,-13.8155105580,-13.8155105580,-0.0000010000
861,-13.8068415114,-13.8155105580,-6.5306827668,-13.8155105580
862,-13.8155105580,-13.8155105580,-13.8155105580,-13.8155105580
863,-6.1915405413,-13.8155105580,-0.0000010000,-13.8155105580
864,-13.8155105580,-13.8155105580,-13.8155105580,-13.8155105580
865,-0.0000010000,-13.7630368357,-13.8155105580,-0.0000010000
866,-13.8155105580,-13.8155105580,-13.8155105580,-13.8155105580
867,-13.8155105580,-13.8155105580,-0.0000010000,-13.8155105580
868,-0.0000010000,-13.8155105580,-13.8155105580,-13.8155105580
869,-13.8155105580,-13.8155105580,-13.8155105580,-13.8155105580
870,-13.8155105580,-0.0000010000,-13.8155105580,-0.0000010000
871,-12.1422523010,-13.8155105580,-0.0000010000,-13.8155105580
872,-13.8155105580,-13.8155105580,-10.6263634343,-13.8155105580
873,-13.8155105580,-0.0000010000,-13.8155105580,-13.8155105580
874,-13.8155105580,-13.8155105580,-13.8155105580,-13.8155105580
875,-13.8155105580,-13.8155105580,-6.7737441805,-13.8155105580
876,-13.8155105580,-13.8155105580,-13.8155105580,-13.8155105580
877,-12.7914745161,-13.8155105580,-13.8155105580,-0.0000010000
878,-13.8155105580,-13.8155105580,-0.0000010000,-6.9542096351
879,-13.8155105580,-13.8155105580,-13.8155105580,-13.8155105580
880,-0.0000010000,-13.8155105580,-5.1599667158,-0.0000877615
881,-13.8155105580,-13.8155105580,-0.0000010000,-13.8155105580
882,-13.8155105580,-13.8155105580,-0.0000010000,-0.0000010000
883,-13.8155105580,-0.0000010000,-11.0461803693,-13.5059105794
884,-13.8155105580,-13.8155105580,-13.8155105580,-13.8155105580
885,-0.0000010000,-13.8155105580,-13.8155105580,-13.8155105580
886,-0.0000010000,-13.8155105580,-13.8155105580,-13.8155105580
887,-13.8155105580,-0.0000010000,-13.8155105580,-0.0000010000
888,-13.8155105580,-8.3975834384,-13.8155105580,-13.8155105580
889,-0.0000010000,-13.8155105580,-0.0000010000,-0.0000010000
890,-13.8155105580,-13.8155105580,-0.0000010000,-0.0000010000
891,-13.8155105580,-13.8155105580,-7.8782138798,-13.8155105580
892,-13.8155105580,-13.8155105580,-0.0000010000,-13.8155105580
893,-0.0000010000,-13.8155105580,-0.0419799561,-0.0000010000
894,-13.8155105580,-13.8155105580,-13.8155105580,-13.8155105580
895,-13.7904012307,-13.8155105580,-13.8155105580,-13.8155105580
896,-13.8155105580,-13.8155105580,-7.0782165789,-13.8155105580
897,-13.8155105580,-13.8155105580,-13.8155105580,-13.8155105580
898,-13.8155105580,-13.8155105580,-13.8155105580,-0.0000010000
899,-0.0000010000,-13.8155105580,-13.8155105580,-13.8155105580
900,-13.8155105580,-13.8155105580,-0.0000010000,-13.8155105580
901,-13.8155105580,-13.8155105580,-9.7204050133,-13.8155105580
902,-9.7441843064,-13.8155105580,-13.8155105580,-8.5479138816
903,-13.8155105580,-13.8155105580,-0.0000010000,-13.8155105580
904,-0.0000010000,-13.8155105580,-13.8155105580,-13.7646870656
905,-13.8155105580,-13.8155105580,-0.0000010000,-13.8155105580
906,-13.8155105580,-13.8155105580,-13.8155105580,-13.8155105580
907,-13.8155105580,-0.0000010000,-13.8155105580,-13.8155105580
908,-13.8155105580,-13.8155105580,-13.8155105580,-13.8155105580
909,-13.8155105580,-13.8155105580,-13.8155105580,-13.8155105580
910,-13.8155105580,-0.0000010000,-0.0000010000,-13.8155105580
911,-0.0000010000,-13.8155105580,-13.8155105580,-13.8155105580
912,-0.0000010000,-13.8155105580,-13.8155105580,-13.8155105580
913,-13.8155105580,-0.0000010000,-0.0000010000,-0.0000010000
914,-13.8155105580,-13.8155105580,-5.6057018863,-13.4513480588
915,-11.6840992631,-0.0000010000,-13.8155105580,-13.8155105580
916,-13.8155105580,-0.0000010000,-7.8159394110,-12.8901217822
917,-13.8155105580,-13.8155105580,-13.8155105580,-13.8155105580
918,-13.8155105580,-13.8155105580,-9.2293285998,-13.8155105580
919,-13.8155105580,-13.8155105580,-8.4578151730,-13.8155105580
920,-0.0000010000,-13.8155105580,-0.0006509587,-13.8155105580
921,-13.8155105580,-0.0000010000,-13.8155105580,-13.8155105580
922,-13.8155105580,-13.8155105580,-13.8155105580,-13.8155105580
923,-0.0000010000,-0.0000010000,-13.8155105580,-0.0000010000
924,-13.8155105580,-13.8155105580,-13.8155105580,-13.8155105580
925,-0.0000010000,-13.8155105580,-0.0000010000,-13.8155105580
926,-13.8155105580,-13.8155105580,-8.7879838992,-0.0000010000
927,-13.8155105580,-13.8155105580,-13.8155105580,-13.8155105580
928,-12.0865650022,-13.8155105580,-13.8155105580,-13.8155105580
929,-13.0440844844,-13.8155105580,-13.8155105580,-6.3979478924
930,-0.0000010000,-13.8155105580,-0.0000010000,-13.8155105580
931,-8.2715531847,-13.8155105580,-0.0000010000,-13.8155105580
932,-13.8155105580,-0.0000010000,-13.8155105580,-0.0000010000
933,-0.0000010000,-13.8155105580,-3.0059613715,-13.8155105580
934,-13.8155105580,-13.8155105580,-13.8155105580,-13.8155105580
935,-0.0000010000,-13.8155105580,-13.8155105580,-0.0000010000
936,-13.8155105580,-0.0000010000,-0.0000010000,-13.8155105580
937,-13.8155105580,-13.8155105580,-12.9602088303,-13.8155105580
938,-0.0000010000,-13.8155105580,-13.8155105580,-13.8155105580
939,-0.0000010000,-13.8155105580,-13.8155105580,-13.8155105580
940,-13.8155105580,-13.8155105580,-13.8155105580,-0.0000010000
941,-9.7840711586,-13.8155105580,-0.0000010000,-13.8155105580
942,-13.8155105580,-13.8155105580,-13.8155105580,-0.0000010000
943,-0.0000010000,-13.8155105580,-13.8155105580,-13.8155105580
944,-0.0000010000,-13.8155105580,-0.0000010000,-13.8155105580
945,-0.0000010000,-13.8155105580,-0.0000010000,-12.3818073219
946,-13.8155105580,-13.8155105580,-13.8155105580,-13.8155105580
947,-13.8155105580,-13.8155105580,-13.8155105580,-0.0000010000
948,-13.8155105580,-13.8155105580,-13.8155105580,-0.0000010000
949,-13.8155105580,-13.8155105580,-13.8155105580,-13.8155105580
950,-13.8155105580,-13.8155105580,-13.8155105580,-13.8155105580
951,-10.5250487198,-13.8155105580,-12.8812791413,-13.8155105580
952,-9.4037181212,-13.8155105580,-13.8155105580,-13.8155105580
953,-11.3054311120,-13.8155105580,-0.0000010000,-13.8155105580
954,-12.3523967132,-13.8155105580,-13.8155105580,-13.8155105580
955,-11.0884811190,-13.8155105580,-0.0000010000,-13.8155105580
956,-13.8155105580,-13.8155105580,-13.8155105580,-13.8155105580
957,-0.0000010000,-0.0000010000,-0.0000010000,-0.0000010000
958,-13.8155105580,-13.8155105580,-7.8778993668,-13.8155105580
959,-13.8155105580,-13.8155105580,-0.0000010000,-13.8155105580
960,-0.0000010000,-0.0000010000,-13.8155105580,-0.0000010000
961,-13.7780147591,-13.8155105580,-8.9233958660,-13.8155105580
962,-13.8155105580,-13.8155105580,-13.8155105580,-13.8155105580
963,-13.8155105580,-13.8155105580,-0.0000010000,-13.8155105580
964,-13.8155105580,-13.8155105580,-0.0000010000,-13.8155105580
965,-13.8155105580,-13.8155105580,-0.0000010000,-13.8155105580
966,-13.8155105580,-13.8155105580,-13.8155105580,-13.8155105580
967,-13.8155105580,-0.0000010000,-13.8155105580,-0.0000010000
968,-13.5439138114,-0.0000010000,-13.5072065360,-0.0000430846
969,-11.9516668287,-13.8155105580,-6.3690706309,-0.0000010000
970,-0.0000010000,-13.8155105580,-0.0000010000,-0.0000010000
971,-13.8155105580,-13.8155105580,-13.8155105580,-13.8155105580
972,-13.6397303336,-13.8155105580,-13.8155105580,-13.8155105580
973,-0.0000010000,-13.8155105580,-0.0000010000,-13.8155105580
974,-13.8155105580,-13.8155105580,-0.0000010000,-13.8155105580
975,-0.0000010000,-13.8155105580,-6.7559370619,-13.8155105580
976,-13.8155105580,-0.0000010000,-13.8155105580,-13.8155105580
977,-13.8155105580,-13.8155105580,-13.8155105580,-13.8155105580
978,-0.0000010000,-13.8155105580,-0.0000010000,-13.8155105580
979,-11.1825174619,-13.8155105580,-0.0000010000,-13.8155105580
980,-13.8155105580,-13.8155105580,-2.0847763199,-13.8155105580
981,-13.8155105580,-13.8155105580,-13.8155105580,-13.8155105580
982,-13.7208465255,-13.8155105580,-13.8155105580,-0.0000010000
983,-0.0000010000,-13.8155105580,-12.9480149701,-13.8155105580
984,-13.8155105580,-13.8155105580,-7.3168260812,-5.2475359293
985,-13.8155105580,-13.8155105580,-13.8155105580,-13.8155105580
986,-13.8155105580,-0.0000010000,-13.8155105580,-13.8155105580
987,-13.8155105580,-0.0000010000,-13.8155105580,-13.8155105580
988,-13.8155105580,-13.8155105580,-0.0000010000,-13.8155105580
989,-0.0000010000,-13.8155105580,-0.0000010000,-13.8155105580
990,-6.5036439086,-13.8155105580,-13.8155105580,-13.8155105580
991,-12.4860451810,-13.8155105580,-0.0000010000,-13.8155105580
992,-7.3942029794,-13.8155105580,-0.0000010000,-13.8155105580
993,-13.8155105580,-13.8155105580,-0.0000010000,-13.8155105580
994,-0.0000010000,-13.8155105580,-13.8155105580,-13.8155105580
995,-0.0000010000,-13.8155105580,-11.7461720974,-13.8155105580
996,-13.8155105580,-0.0000010000,-0.0000010000,-0.0000010000
997,-0.0000010000,-0.0000010000,-13.8155105580,-0.0000010000
998,-13.8155105580,-13.8155105580,-13.8155105580,-0.0000010000
999,-13.8155105580,-13.8155105580,-11.7718524849,-13.8155105580
